3.830700 0.063930
3.828075 0.063688
3.877725 0.065317
3.835949 0.063753
3.843380 0.063329
3.838679 0.063606
3.823246 0.064032
3.826188 0.063640
3.834829 0.063651
6.318630 0.610281
6.515989 0.308118
5.927843 0.512277
5.913107 0.480735
5.868909 0.527738
5.811816 0.508050
6.236384 0.589386
6.163366 0.538842
8.813296 1.294328
8.992474 0.479697
6.940221 1.595207
6.585813 1.839891
7.760045 1.265806
8.079964 1.265973
8.359647 1.706754
11.037745 1.598602
9.602651 1.850181
7.815150 2.527896
8.188924 1.868241
9.679172 1.687966
9.957703 1.851411
11.457125 2.484870
9.716770 3.133156
8.552110 3.030863
9.525635 2.262964
11.462967 2.158198
11.511126 3.441492
9.797893 3.988762
9.692209 3.236958
11.253295 2.641851
11.352923 4.198906
10.040900 4.897670
11.166018 3.482232
11.186341 5.300141
11.372843 5.058637
12.062908 5.869333
