-0.100153 0.733560
0.066891 0.595783
0.211743 0.660064
0.160253 0.627612
0.229182 0.722514
0.227529 0.722435
0.186742 0.717328
0.155864 0.651040
0.139968 0.675437
0.067816 0.677747
0.111016 0.718534
0.087933 0.694763
0.149177 0.734616
0.176730 0.737549
0.120442 0.702578
0.183113 0.766243
0.172355 0.737343
0.164271 0.740932
0.215660 0.649850
0.253686 0.758487
0.238556 0.732173
0.149392 0.690386
0.004523 0.698408
0.056217 0.703369
-0.021273 0.673462
0.124064 0.684283
-0.018350 0.649254
-0.143563 0.667776
-0.486360 0.423809
-0.635475 0.366479
-0.669977 0.462709
-0.620996 0.511406
-0.500371 0.563266
-0.420227 0.580396
-0.188149 0.661292
-0.161246 0.692069
-0.130949 0.717273
-0.121156 0.714040
-0.077644 0.708924
0.365654 0.659810
0.142288 0.660199
0.168537 0.636229
0.046551 0.665813
-0.200011 0.663952
-0.061695 0.635505
-0.111864 0.682618
0.090162 0.645138
-0.060338 0.672914
-0.216953 0.693474
0.297593 0.567507
0.420387 0.651810
0.344241 0.625362
0.326449 0.604749
0.251126 0.599457
0.500522 0.643839
0.328547 0.591239
0.307460 0.569285
0.228023 0.593883
-0.059425 0.616162
0.085428 0.592102
0.032269 0.638966
0.198972 0.632477
0.044888 0.635057
-0.160013 0.683746
0.529178 0.563350
0.334469 0.573397
0.287658 0.566249
0.196699 0.613979
-0.220054 0.662401
-0.043482 0.610622
-0.068675 0.670379
0.185896 0.640497
-0.016977 0.680993
-0.201871 0.702330
-0.284117 0.661686
-0.187273 0.637247
-0.177034 0.649856
0.216789 0.641159
-0.083259 0.716808
-0.256773 0.711774
0.399612 0.585712
0.229440 0.636660
-0.207713 0.733423
-0.200802 0.751923
-0.598840 0.333237
-0.745908 0.289951
-0.749590 0.406579
-0.695571 0.457938
-0.527350 0.485705
-0.441121 0.530864
-0.443054 0.631324
-0.302786 0.555033
-0.339156 0.635066
-0.272586 0.647420
-0.274770 0.680876
0.303043 0.602173
0.025546 0.624768
0.066597 0.636456
-0.035229 0.698043
-0.245639 0.661121
-0.097702 0.623976
-0.138591 0.679541
0.046907 0.657036
-0.082969 0.706985
-0.209319 0.714607
0.313329 0.545607
0.434972 0.654573
0.349905 0.617685
0.328237 0.608406
0.254937 0.609515
0.499037 0.655923
0.321633 0.583031
0.298934 0.568175
0.226270 0.602341
-0.050670 0.599587
0.097986 0.594055
0.051834 0.642358
0.204861 0.647077
0.067985 0.666919
-0.119062 0.701203
0.522960 0.560420
0.311443 0.575447
0.258756 0.573545
0.173325 0.627192
-0.230231 0.664810
-0.048935 0.598005
-0.066637 0.663822
0.171493 0.655774
-0.010517 0.717629
-0.181971 0.720146
-0.290942 0.694669
-0.201795 0.648443
-0.196431 0.651473
0.195239 0.649345
-0.087944 0.752471
-0.257104 0.730535
0.441889 0.577980
0.276701 0.649547
-0.181791 0.743099
-0.195102 0.772053
0.329055 0.707513
0.419053 0.771025
0.363291 0.688479
0.350237 0.668457
0.281626 0.642821
0.503978 0.658238
0.415849 0.610917
0.396018 0.608642
0.334475 0.606634
0.148224 0.575086
0.268825 0.660648
0.216725 0.646020
0.348798 0.703893
0.253143 0.643941
0.106837 0.618784
0.551332 0.583778
0.362483 0.576789
0.309411 0.584568
0.226503 0.616571
-0.190417 0.629750
0.002064 0.583088
-0.020533 0.641480
0.235404 0.667277
0.055278 0.686718
-0.119757 0.681054
-0.321472 0.758944
-0.254143 0.697024
-0.255980 0.674817
0.250028 0.619227
-0.051917 0.719801
-0.241531 0.736713
0.557339 0.591923
0.415557 0.629345
-0.111894 0.699565
-0.165535 0.792039
0.370300 0.544245
0.126334 0.627237
0.074601 0.614814
0.001686 0.667748
-0.336324 0.775392
-0.251604 0.662879
-0.239199 0.692969
-0.028889 0.591585
-0.166418 0.715176
-0.189031 0.745130
-0.330043 0.783374
-0.328034 0.782846
-0.340429 0.740326
0.074500 0.599219
-0.162063 0.723774
-0.242151 0.749272
0.541230 0.577143
0.397221 0.628614
-0.168445 0.733998
-0.145318 0.786829
-0.248133 0.692566
-0.288062 0.784289
-0.305069 0.746676
0.113090 0.629286
-0.139395 0.695791
-0.253309 0.730167
0.594428 0.579191
0.509796 0.622453
-0.095678 0.672769
-0.158267 0.788284
0.449045 0.576829
0.447014 0.616160
0.094419 0.631836
-0.125360 0.782335
-0.023178 0.663671
