-0.294700 0.604161
-0.288469 0.746561
-0.196787 0.693365
-0.229617 0.726428
-0.133952 0.638362
-0.076799 0.648398
0.036272 0.670263
-0.044624 0.741527
-0.091793 0.718170
-0.147003 0.717252
-0.115381 0.676810
-0.115419 0.704451
-0.007271 0.661840
-0.015663 0.651570
-0.117884 0.691362
-0.044400 0.614304
-0.037144 0.652104
0.068783 0.647537
-0.110556 0.720391
0.083385 0.594465
0.107346 0.628880
0.183534 0.683641
0.205229 0.685629
0.225850 0.671642
0.239581 0.698997
0.243491 0.676074
0.256073 0.715933
0.199168 0.702706
-0.524363 0.555772
-0.415659 0.537673
-0.109409 0.570141
-0.006618 0.593957
0.193983 0.628277
0.233437 0.657311
-0.059899 0.723675
0.077212 0.699342
0.053613 0.682274
0.092265 0.683341
0.034740 0.700136
0.250324 0.606866
0.370987 0.637385
0.374238 0.653264
0.355399 0.654384
0.281800 0.663138
0.358714 0.680920
0.337586 0.638400
0.373367 0.660503
0.324140 0.662178
0.157720 0.668693
0.239523 0.729385
0.106630 0.622132
0.234505 0.659870
0.262850 0.677215
0.263481 0.712857
0.153183 0.558107
0.330711 0.658121
0.341642 0.681662
0.346827 0.689217
0.342112 0.706946
0.349534 0.721071
0.310847 0.702891
0.343041 0.665361
0.325060 0.699302
0.163144 0.693016
0.177710 0.609119
0.319732 0.676104
0.335589 0.695697
0.330704 0.689184
0.263029 0.666046
0.350420 0.708841
0.293802 0.677906
0.332510 0.666816
0.291869 0.671396
0.106570 0.674258
0.230634 0.654413
0.296260 0.686350
0.294925 0.677765
0.267694 0.685753
0.183534 0.667510
0.040659 0.652527
0.234961 0.664864
0.204541 0.707237
-0.005550 0.647237
-0.060066 0.625046
-0.601937 0.409898
-0.474069 0.367163
-0.124048 0.507365
-0.005967 0.553569
0.207635 0.665492
0.239574 0.682789
-0.001425 0.636499
0.281617 0.721769
0.229091 0.655120
0.292840 0.648683
0.162268 0.659225
0.359514 0.645215
0.411434 0.663125
0.409614 0.650158
0.351841 0.622658
0.271576 0.654849
0.369644 0.681522
0.343101 0.633481
0.396064 0.639715
0.330652 0.619643
0.109653 0.658406
0.245653 0.737422
0.101766 0.609899
0.228933 0.666049
0.248414 0.678522
0.247688 0.708625
0.151003 0.545825
0.326084 0.671041
0.328255 0.692867
0.331564 0.689965
0.355617 0.715167
0.349794 0.717733
0.315985 0.696307
0.341064 0.650383
0.326009 0.666570
0.158728 0.684795
0.185525 0.614836
0.318766 0.685749
0.332990 0.702289
0.324460 0.686523
0.265536 0.659175
0.357787 0.715530
0.306857 0.678777
0.335197 0.654365
0.291799 0.632259
0.083119 0.664354
0.206406 0.624647
0.276597 0.679922
0.275288 0.679127
0.255425 0.689195
0.169033 0.630462
0.004421 0.632611
0.210466 0.652975
0.172628 0.686823
-0.010470 0.643930
-0.106999 0.595332
0.204580 0.591012
0.025147 0.478834
0.156741 0.607823
0.177449 0.631673
0.191537 0.686135
-0.063640 0.555589
0.162766 0.653726
0.169025 0.666450
0.202225 0.692262
0.315806 0.739982
0.225599 0.663613
0.224760 0.696543
0.127257 0.605542
0.210309 0.690672
0.225497 0.744878
0.096389 0.588171
0.261483 0.683774
0.282798 0.694673
0.292152 0.695114
0.295942 0.692513
0.362497 0.727049
0.319069 0.697336
0.297677 0.640870
0.310252 0.655063
0.178922 0.699864
0.125859 0.552104
0.205623 0.638191
0.205721 0.660890
0.239751 0.704672
0.192277 0.664997
0.046064 0.629917
0.061266 0.579005
0.079557 0.651849
0.062108 0.703016
-0.092155 0.580327
0.318429 0.682113
0.366127 0.675695
0.373894 0.690393
0.341214 0.661576
0.064781 0.530525
0.252349 0.658488
0.204725 0.648588
0.360225 0.720715
0.254118 0.629486
-0.004530 0.639553
-0.118197 0.513251
-0.026211 0.528071
-0.024794 0.579147
0.279787 0.746395
0.104865 0.662488
-0.092959 0.609355
0.115632 0.600504
0.124707 0.656893
-0.017887 0.657688
-0.202620 0.564560
-0.245158 0.631411
-0.175139 0.520804
-0.178047 0.563656
0.266843 0.721114
0.112865 0.695489
-0.068420 0.630880
-0.120672 0.544639
-0.068481 0.589890
0.086429 0.728531
-0.182726 0.565837
-0.247159 0.636034
-0.188680 0.620424
0.149557 0.754653
-0.188140 0.580379
-0.306422 0.681989
